0.000000
0.000000
0.000000
0.000000
0.000000
0.000000
0.000000
0.000000
0.000000
0.000000
0.000000
0.000000
0.000000
0.000000
0.000000
0.000000
0.000000
0.000000
326.086945
326.086945
326.086945
326.086945
326.086945
326.086945
348.837219
348.837219
348.837219
326.086945
326.086945
326.086945
326.086945
348.837219
348.837219
324.324341
324.324341
326.086945
326.086945
326.086945
326.086945
326.086945
304.568542
304.568542
326.086945
326.086945
326.086945
326.086945
324.324341
324.324341
306.122437
306.122437
326.086945
304.568542
304.568542
326.086945
326.086945
304.568542
304.568542
306.122437
306.122437
304.568542
304.568542
326.086945
326.086945
306.122437
306.122437
304.568542
304.568542
306.122437
306.122437
304.568542
304.568542
326.086945
326.086945
304.568542
304.568542
306.122437
306.122437
304.568542
304.568542
288.461517
288.461517
304.568542
304.568542
304.568542
304.568542
306.122437
306.122437
287.081329
287.081329
306.122437
306.122437
304.568542
304.568542
306.122437
306.122437
287.081329
287.081329
304.568542
304.568542
306.122437
306.122437
304.568542
304.568542
287.081329
287.081329
306.122437
